0.14167176 0.083350666 -0.13326728 0.16691913 -0.09378773 -0.0069050803 -0.08183199 -0.06752344 -0.014360402 -0.008816725 0.013082754 -0.057351705 -0.09856006 0.09787859 0.030183963 0.045686547 -0.13388814 0.009903522 0.038266126 0.1021157 0.07985097 -0.12032355 0.039344 0.015196638 -0.051895563 0.16765723 0.0046358258 0.12159231 0.10551907 0.035944782 -0.15050638 0.00882792 -0.027406922 -0.09848204 0.0348138 -0.066733256 0.012069738 -0.04128825 -0.015560295 0.0908932 -0.0039577666 -0.06467965 0.059790786 -0.0874623 0.05620505 -0.026499549 0.18149713 0.07088651 0.0682973 -0.021476861
0.16154322 0.08079677 -0.12538815 0.18286847 -0.1082528 -0.029519787 -0.083795905 -0.06878791 0.009701163 0.011615191 0.014465801 -0.067306794 -0.08882961 0.106207676 0.036752176 0.05141767 -0.17341278 -0.022636242 0.05710357 0.1264617 0.087230556 -0.14197949 0.049980108 0.036549877 -0.055123895 0.16449735 0.0036865864 0.1382519 0.14185534 0.010752441 -0.1684361 -0.0100926515 -0.012436327 -0.12446243 0.061786465 -0.10424989 -0.01524808 -0.076725446 -0.017910438 0.111853614 0.021757133 -0.12423945 0.06217791 -0.10423513 0.07142296 -0.030720368 0.20950857 0.07535211 0.10291486 -0.019921616
0.16152236 0.08070965 -0.12540232 0.18272986 -0.10817763 -0.02963019 -0.08380374 -0.06881803 0.009721452 0.011572131 0.0144905755 -0.06732054 -0.08873315 0.106098175 0.03678285 0.051472116 -0.17320804 -0.022691714 0.057191465 0.126455 0.087207824 -0.1418421 0.0499204 0.036554176 -0.055045813 0.16429557 0.003775027 0.13814545 0.14178665 0.010611952 -0.16838683 -0.01019954 -0.012436232 -0.124331206 0.061827578 -0.104196504 -0.015240986 -0.0768569 -0.017973084 0.111690454 0.021657709 -0.124143034 0.062209122 -0.10426189 0.07142128 -0.03075779 0.20940156 0.07540979 0.10291476 -0.019749193
0.16154632 0.08079458 -0.12538385 0.18286629 -0.10825231 -0.029521393 -0.08379415 -0.068786606 0.009702381 0.011616443 0.014462918 -0.06730923 -0.08882866 0.10620943 0.036753908 0.05141674 -0.17341213 -0.02263682 0.05710282 0.12645869 0.087231115 -0.14197765 0.04997834 0.036549225 -0.055125155 0.164496 0.0036859298 0.13825248 0.14185427 0.01075501 -0.1684356 -0.010092008 -0.0124348635 -0.12446575 0.061789807 -0.10424931 -0.0152505925 -0.076726265 -0.017908629 0.11185516 0.021763012 -0.124243684 0.06217775 -0.10423446 0.0714224 -0.030719 0.20951095 0.07535156 0.10291139 -0.019923566
0.16153023 0.080805376 -0.12540977 0.18287954 -0.108250946 -0.029511416 -0.08380684 -0.06879457 0.009695539 0.011607312 0.014474611 -0.06729496 -0.08882866 0.1061987 0.036742404 0.051423132 -0.17341587 -0.022637194 0.057101186 0.1264759 0.087229624 -0.14198121 0.049986973 0.036559746 -0.055116937 0.16449942 0.0036893042 0.13825218 0.14186044 0.01073784 -0.16843492 -0.010096758 -0.012439864 -0.12444504 0.06177556 -0.10424976 -0.015236041 -0.076721095 -0.017918158 0.11184152 0.0217322 -0.12421725 0.06218097 -0.10424155 0.07142673 -0.03073032 0.20949705 0.075355746 0.10293472 -0.019909766
0.16150756 0.08081456 -0.1254597 0.18290924 -0.10823975 -0.0295052 -0.08384224 -0.06880956 0.009684488 0.011585559 0.0144877015 -0.06727806 -0.088805124 0.10616914 0.036716715 0.051450975 -0.17340034 -0.022653606 0.057091635 0.12650675 0.08723728 -0.14196004 0.04999165 0.036590327 -0.055095896 0.16448213 0.0036920446 0.1382554 0.1418707 0.010693325 -0.16842146 -0.010116998 -0.012451265 -0.12439145 0.06176595 -0.10423958 -0.015202432 -0.076723605 -0.017940754 0.111793645 0.021676792 -0.12417508 0.0621936 -0.10427397 0.071437426 -0.030764073 0.20946503 0.075377546 0.10300239 -0.019861203
0.16154619 0.08079468 -0.12538409 0.1828664 -0.10825236 -0.029521396 -0.08379428 -0.06878664 0.009702294 0.0116163865 0.014463132 -0.06730914 -0.08882869 0.10620932 0.036753803 0.05141684 -0.17341211 -0.022636784 0.05710288 0.12645887 0.087231085 -0.14197776 0.049978442 0.036549184 -0.055125106 0.16449606 0.0036859328 0.13825244 0.14185436 0.010754893 -0.16843565 -0.010092077 -0.012435006 -0.12446563 0.061789587 -0.104249395 -0.015250492 -0.076726295 -0.017908745 0.11185504 0.021762675 -0.12424356 0.06217773 -0.10423448 0.07142241 -0.03071907 0.20951086 0.075351655 0.10291162 -0.019923445
0.16154654 0.08079433 -0.1253835 0.18286596 -0.10825225 -0.029521633 -0.083794035 -0.06878652 0.009702498 0.011616533 0.014462725 -0.06730946 -0.08882851 0.10620946 0.036754094 0.05141673 -0.17341188 -0.022636877 0.057102874 0.12645847 0.08723116 -0.1419774 0.04997815 0.03654912 -0.055125203 0.1644958 0.0036859403 0.13825242 0.14185414 0.010755127 -0.16843559 -0.01009203 -0.0124347815 -0.124465935 0.06179004 -0.10424923 -0.015250806 -0.07672642 -0.01790853 0.11185526 0.021763423 -0.124244 0.0621777 -0.10423438 0.07142236 -0.030718887 0.20951107 0.075351596 0.10291111 -0.019923596
0.16153777 0.080802225 -0.12539744 0.18287687 -0.10825389 -0.029514765 -0.08380105 -0.06879005 0.009698173 0.011612571 0.014469851 -0.06730182 -0.08883059 0.10620537 0.036746766 0.051420037 -0.17341694 -0.022635873 0.057101272 0.12646833 0.087230645 -0.1419829 0.04998434 0.03655359 -0.055122253 0.16450179 0.003685424 0.13825439 0.1418592 0.010748556 -0.16843651 -0.010092806 -0.012438621 -0.12445645 0.061780717 -0.10425103 -0.015242359 -0.07672182 -0.01791322 0.11184994 0.021747332 -0.1242329 0.062178697 -0.10423831 0.07142431 -0.030724417 0.20950517 0.07535334 0.1029249 -0.019918889
0.15789135 0.07892935 -0.12381432 0.17740184 -0.10311054 -0.031329703 -0.08268464 -0.06900616 0.011308869 0.011151406 0.01492493 -0.06450128 -0.084581375 0.102282815 0.035988275 0.05193577 -0.16779675 -0.024669172 0.056076165 0.124492966 0.08522728 -0.13625321 0.047816362 0.038892366 -0.052667264 0.15621684 0.00497102 0.13552116 0.13945937 0.006055594 -0.16293317 -0.013413117 -0.008326541 -0.11969837 0.06466062 -0.10176716 -0.016131332 -0.07828921 -0.019248882 0.102470905 0.019273296 -0.12027321 0.063257135 -0.103446476 0.070379056 -0.032005284 0.20490734 0.07421752 0.102734886 -0.015410872
0.16149749 0.08066641 -0.1254421 0.18269669 -0.10809566 -0.029680056 -0.083849184 -0.06884184 0.009727159 0.011533364 0.014483291 -0.067309216 -0.08862487 0.10601678 0.03675777 0.051532615 -0.1730917 -0.02275858 0.05717285 0.12646377 0.087218575 -0.1416988 0.049876183 0.036621023 -0.054985788 0.16414423 0.0038015135 0.13812108 0.14176126 0.010491986 -0.16830584 -0.010276121 -0.012417827 -0.12421286 0.061888635 -0.10413987 -0.015209512 -0.07691615 -0.01801807 0.11151871 0.021585695 -0.12406475 0.062250134 -0.104328655 0.07143236 -0.030826768 0.20932136 0.07545443 0.10300636 -0.01961069
0.15213956 0.07725406 -0.1195531 0.17074098 -0.09680604 -0.032700423 -0.0791099 -0.06825729 0.013582389 0.01176263 0.015890123 -0.061248336 -0.07958731 0.09678707 0.03504752 0.05216264 -0.1606229 -0.02786502 0.055540577 0.1203992 0.08274014 -0.12956834 0.04456774 0.04046445 -0.05003221 0.14431904 0.0064360537 0.13175343 0.13510752 0.0009164042 -0.15586872 -0.017825143 -0.0027428607 -0.11285017 0.068207875 -0.098143086 -0.015730202 -0.07968945 -0.02096069 0.09216731 0.015956044 -0.114805214 0.06417958 -0.1015642 0.06879978 -0.032997463 0.19702095 0.071569435 0.10196858 -0.010095238
0.16154619 0.080794685 -0.12538402 0.1828664 -0.108252324 -0.029521326 -0.083794236 -0.06878665 0.009702329 0.0116163995 0.014463028 -0.06730914 -0.088828705 0.106209375 0.036753833 0.051416766 -0.17341217 -0.0226368 0.057102825 0.12645881 0.0872311 -0.14197774 0.049978413 0.036549244 -0.055125114 0.1644961 0.0036859296 0.1382525 0.14185432 0.01075494 -0.1684356 -0.010092013 -0.012434926 -0.12446565 0.06178967 -0.10424937 -0.015250499 -0.07672621 -0.017908694 0.1118551 0.021762801 -0.12424357 0.06217775 -0.10423449 0.07142241 -0.030719057 0.2095109 0.07535157 0.10291154 -0.019923512
0.16153942 0.08080347 -0.12539594 0.18287903 -0.108254306 -0.029513227 -0.083800346 -0.06878878 0.009698018 0.011613508 0.014467748 -0.06730213 -0.08883112 0.106208056 0.0367465 0.051418666 -0.17342114 -0.022635942 0.057097714 0.12646686 0.08723153 -0.14198385 0.0499846 0.036554057 -0.055123936 0.16450389 0.0036834686 0.13825765 0.14185962 0.010752033 -0.16843656 -0.010090548 -0.012437571 -0.124460354 0.061782494 -0.10425188 -0.015243567 -0.07671979 -0.017911248 0.1118521 0.021751534 -0.12423521 0.062178798 -0.10423834 0.071423866 -0.030723842 0.20950814 0.0753519 0.10292352 -0.019922718
0.14771095 0.076875456 -0.13309845 0.18673708 -0.08537139 -0.014277858 -0.10679051 -0.06850581 0.007066304 0.0051133386 0.02226943 -0.046946082 -0.07884664 0.09247798 0.0140834255 0.06448816 -0.15850596 -0.017461473 0.047861744 0.13660535 0.07833217 -0.13081756 0.060968284 0.06283416 -0.0480836 0.16418487 0.00044856782 0.14059769 0.14808324 -0.0014258347 -0.15816388 -0.022442952 -0.0009843969 -0.09028599 0.049197074 -0.083978064 0.0028565228 -0.07040693 -0.023229692 0.08851887 0.006419263 -0.10487362 0.063770235 -0.1026231 0.07709236 -0.045790076 0.20197743 0.081374064 0.13134481 -0.002787789
0.1568079 0.06751829 -0.13033235 0.19883008 -0.076008245 -0.0059250533 -0.1148061 -0.073683545 0.010316998 0.0012612976 0.019888824 -0.03184101 -0.07308025 0.097126484 0.014231628 0.074766345 -0.15998802 -0.0059684725 0.044443145 0.14596736 0.08126019 -0.10422281 0.05632485 0.07603431 -0.057695195 0.17462957 -0.013052387 0.14986786 0.13128395 0.0067146234 -0.14280683 -0.036998957 -0.010056081 -0.08369133 0.043586597 -0.066446304 0.02038709 -0.072572865 -0.010058827 0.0923752 0.015829133 -0.109071866 0.07167645 -0.11923902 0.07586663 -0.04444516 0.20204127 0.07465742 0.12588288 0.01922241
0.14930251 0.08317493 -0.12825342 0.18475752 -0.09659281 -0.020917913 -0.09055414 -0.07247536 0.010264276 0.009766904 0.019867707 -0.055169746 -0.08262892 0.09826047 0.02534176 0.054790508 -0.16764188 -0.02163161 0.046991 0.13212134 0.085803345 -0.133103 0.053782824 0.049398027 -0.04996734 0.16107018 0.0012367337 0.13839366 0.14241508 0.00089098455 -0.15803103 -0.013172196 -0.004939194 -0.10866766 0.054751735 -0.097414486 -0.009686385 -0.06864734 -0.02161404 0.09766048 0.010911788 -0.11114493 0.06268924 -0.101702146 0.07276962 -0.038358297 0.19938935 0.07473156 0.1165125 -0.011327704
0.16153893 0.080792956 -0.12539451 0.18286167 -0.10824885 -0.029524352 -0.083799616 -0.0687925 0.009701975 0.0116101075 0.014467938 -0.067305565 -0.08882361 0.10619766 0.03675259 0.051423457 -0.17339984 -0.022639034 0.05711016 0.1264657 0.08723117 -0.1419707 0.049977805 0.036552582 -0.055116292 0.16448694 0.0036938947 0.13824305 0.14185241 0.010739598 -0.16843401 -0.010099572 -0.012438884 -0.12444804 0.061784856 -0.10424511 -0.01524353 -0.07673171 -0.01791591 0.1118465 0.021746904 -0.124227904 0.06217983 -0.10423839 0.07142574 -0.030724676 0.20949899 0.07535765 0.10291999 -0.019907463
0.16115905 0.08095767 -0.12591131 0.18318063 -0.10773747 -0.029492995 -0.084159575 -0.069016136 0.00965549 0.011259732 0.014499164 -0.06695458 -0.088434964 0.10576936 0.036376696 0.05171969 -0.17327029 -0.023021547 0.056568787 0.12666187 0.08724318 -0.14143261 0.050023723 0.03723068 -0.054793406 0.16391465 0.0036673031 0.1384827 0.14195241 0.010117801 -0.16797826 -0.0103690745 -0.012234639 -0.12386613 0.062048007 -0.10403773 -0.01498271 -0.07669635 -0.018193865 0.11066294 0.021233467 -0.12361519 0.062611036 -0.10466266 0.07150279 -0.031294517 0.20914483 0.07552712 0.103772484 -0.019329697
0.16143626 0.08087452 -0.12559335 0.18305409 -0.108192556 -0.029443696 -0.08393493 -0.06885405 0.009645939 0.01152313 0.014504926 -0.06721281 -0.08876427 0.1061259 0.036622245 0.051495053 -0.17344715 -0.022700824 0.05698998 0.12658514 0.08725221 -0.14192961 0.0500354 0.036708534 -0.05506135 0.1644762 0.0036614197 0.13833727 0.1419197 0.010609805 -0.1683746 -0.01013482 -0.012441296 -0.124291494 0.061756566 -0.10422689 -0.015117085 -0.076671615 -0.017980604 0.1116396 0.02155356 -0.12407661 0.06225085 -0.1043642 0.07145723 -0.030863486 0.20941058 0.075403735 0.103196226 -0.019788036
0.1615453 0.080795534 -0.12538542 0.1828675 -0.10825259 -0.029520735 -0.083794914 -0.06878694 0.009701886 0.011616043 0.014463878 -0.06730839 -0.08882899 0.10620895 0.036753148 0.05141716 -0.17341262 -0.022636626 0.057102747 0.12645978 0.087231055 -0.14197838 0.049979057 0.036549512 -0.05512484 0.16449676 0.003685877 0.13825262 0.14185485 0.010754334 -0.16843581 -0.010092082 -0.012435453 -0.12446477 0.061788652 -0.10424961 -0.015249694 -0.0767258 -0.017909203 0.11185469 0.021761144 -0.12424253 0.0621778 -0.10423481 0.071422584 -0.030719543 0.20951036 0.07535181 0.10291287 -0.019923082
0.16154549 0.080795586 -0.12538509 0.18286759 -0.108252496 -0.029520439 -0.08379463 -0.06878688 0.009701928 0.011616146 0.014463483 -0.06730843 -0.0888291 0.10620933 0.036753226 0.05141676 -0.17341322 -0.022636682 0.05710241 0.12645952 0.087231055 -0.14197849 0.049979046 0.036549672 -0.055125028 0.16449688 0.0036857564 0.138253 0.14185476 0.010754734 -0.16843577 -0.010091788 -0.012435079 -0.12446523 0.061789017 -0.10424963 -0.015249851 -0.07672549 -0.017908897 0.111854956 0.021761723 -0.12424269 0.06217789 -0.10423479 0.07142252 -0.03071943 0.20951064 0.075351425 0.10291244 -0.01992361
0.16154528 0.080795735 -0.12538545 0.1828678 -0.108252525 -0.029520324 -0.08379484 -0.06878698 0.009701825 0.011616034 0.014463687 -0.06730823 -0.08882913 0.106209196 0.036753032 0.05141688 -0.17341326 -0.02263665 0.057102375 0.12645978 0.08723105 -0.14197858 0.049979184 0.036549784 -0.05512495 0.164497 0.0036857573 0.13825302 0.14185491 0.010754521 -0.16843578 -0.010091851 -0.012435186 -0.124464974 0.06178877 -0.10424966 -0.015249666 -0.07672543 -0.017909039 0.11185475 0.021761289 -0.124242395 0.062177893 -0.10423486 0.07142258 -0.03071957 0.20951046 0.07535152 0.10291283 -0.01992343
0.19128394 0.09905804 -0.14372455 0.21013997 -0.09362211 -0.014804501 -0.10667932 -0.07740741 -0.002013914 0.011026312 0.0118270125 -0.071436316 -0.10243581 0.1037845 0.04667847 0.075834565 -0.19337596 0.0045115165 0.038816 0.14940533 0.107341856 -0.15430078 0.033107284 0.03200779 -0.060172062 0.19483079 0.0041800537 0.1399327 0.14765707 0.022536675 -0.15496545 -0.014492758 -0.020663274 -0.13643214 0.040793296 -0.09970798 0.0050472775 -0.07650389 0.0011453909 0.1033286 0.016987065 -0.11301813 0.08939544 -0.11508198 0.07145979 -0.061403606 0.23161693 0.101336904 0.11567889 -0.011169121
0.16154596 0.08079492 -0.12538427 0.18286672 -0.10825234 -0.029521039 -0.08379429 -0.06878673 0.00970223 0.011616322 0.0144631425 -0.067308925 -0.08882884 0.106209375 0.036753684 0.051416706 -0.17341252 -0.022636773 0.057102744 0.126459 0.08723108 -0.14197795 0.049978588 0.036549393 -0.055125095 0.16449627 0.0036859154 0.13825262 0.14185444 0.010754867 -0.16843566 -0.01009194 -0.012434906 -0.12446552 0.061789505 -0.104249425 -0.015250315 -0.07672598 -0.017908739 0.11185507 0.021762488 -0.12424328 0.062177803 -0.10423455 0.07142243 -0.030719142 0.20951079 0.07535148 0.102911726 -0.019923555
0.1614876 0.08082601 -0.12549666 0.18294197 -0.10823407 -0.029496264 -0.083869815 -0.068821386 0.009675852 0.011568859 0.014497836 -0.0672642 -0.088793926 0.106149524 0.03669268 0.051471 -0.17339641 -0.02266345 0.057080586 0.12653255 0.08724239 -0.14195126 0.050002396 0.036614433 -0.055081323 0.16447817 0.0036876178 0.13826422 0.14188462 0.010664788 -0.16841412 -0.0101272315 -0.012459926 -0.124354325 0.061754696 -0.104234904 -0.015175517 -0.076720156 -0.01795655 0.11175743 0.021638403 -0.12415183 0.062205236 -0.104299024 0.07144482 -0.030790865 0.20944554 0.075391635 0.103059545 -0.019831663
0.16154322 0.08079808 -0.12538859 0.1828708 -0.10825305 -0.029518062 -0.08379624 -0.068787664 0.009700798 0.011615285 0.014465013 -0.06730629 -0.08883002 0.1062087 0.036751285 0.051417258 -0.17341562 -0.022636317 0.057101518 0.12646203 0.08723112 -0.1419803 0.04998077 0.036551 -0.055124484 0.16449904 0.0036853973 0.13825405 0.14185622 0.01075356 -0.16843611 -0.010091461 -0.012435904 -0.1244633 0.061786756 -0.10425019 -0.015247687 -0.07672368 -0.017909804 0.111854345 0.021758119 -0.12423985 0.06217815 -0.10423578 0.07142304 -0.03072075 0.20950949 0.07535143 0.10291578 -0.019923143
0.16154397 0.08079543 -0.12538756 0.18286714 -0.108252816 -0.029521553 -0.08379611 -0.068787776 0.009701587 0.011615223 0.014465876 -0.067307845 -0.088828616 0.10620689 0.03675279 0.05141868 -0.17341012 -0.02263653 0.057104766 0.12646131 0.08723078 -0.14197816 0.049979165 0.036549155 -0.055123623 0.16449587 0.0036870046 0.13825062 0.14185493 0.010751796 -0.16843593 -0.010093603 -0.012436907 -0.12446178 0.061786853 -0.10424941 -0.015248296 -0.07672704 -0.017910903 0.11185325 0.021757308 -0.124240436 0.062177658 -0.10423524 0.07142304 -0.030720258 0.20950818 0.075353235 0.10291498 -0.019920176
0.16154563 0.08079512 -0.12538482 0.18286686 -0.10825244 -0.029521069 -0.08379461 -0.06878687 0.009702135 0.011616166 0.014463533 -0.0673087 -0.08882886 0.106209 0.036753494 0.051417056 -0.17341228 -0.022636693 0.05710292 0.12645939 0.0872311 -0.141978 0.049978733 0.03654939 -0.05512486 0.16449633 0.0036860197 0.13825236 0.1418546 0.010754446 -0.16843571 -0.010092112 -0.012435272 -0.12446501 0.06178908 -0.10424943 -0.015250017 -0.07672605 -0.017909046 0.111854926 0.021761796 -0.12424286 0.062177777 -0.10423466 0.07142258 -0.030719342 0.20951048 0.07535177 0.1029123 -0.01992313
0.16119541 0.07919399 -0.1241224 0.17940982 -0.10639215 -0.030887282 -0.08281561 -0.068736985 0.0105098095 0.011634346 0.014023646 -0.06703343 -0.0872952 0.10512823 0.037508767 0.051232103 -0.17089316 -0.023392985 0.057674572 0.12537685 0.086468115 -0.13943762 0.048613116 0.036913205 -0.054214366 0.16094004 0.004833578 0.1366405 0.14043024 0.009205572 -0.16680375 -0.011397244 -0.011051335 -0.12347142 0.063432746 -0.10318349 -0.016275233 -0.07813775 -0.018089445 0.10940502 0.02189098 -0.123035975 0.06250207 -0.10374552 0.07111433 -0.030760873 0.2082977 0.07495253 0.10128832 -0.018461792
0.13605383 0.07280811 -0.10563869 0.15178058 -0.08425115 -0.03489599 -0.06988459 -0.06455542 0.018154623 0.012180837 0.015986495 -0.05039508 -0.069379285 0.08898801 0.032883875 0.046039414 -0.14661406 -0.027273685 0.046800233 0.110358536 0.0755799 -0.117209375 0.040819053 0.042702746 -0.04525704 0.12776175 0.006918224 0.1211228 0.12557133 -0.004571983 -0.1387881 -0.02166987 0.010478559 -0.104311384 0.07071821 -0.09223086 -0.022210939 -0.074090675 -0.019761693 0.07721963 0.018420875 -0.10961165 0.06038806 -0.09139703 0.062232472 -0.02945762 0.18362106 0.060633395 0.093173966 -0.007754654
0.16154596 0.08079475 -0.12538433 0.18286647 -0.108252384 -0.0295214 -0.08379439 -0.06878675 0.009702229 0.011616288 0.014463382 -0.06730902 -0.088828735 0.10620915 0.03675373 0.051416952 -0.17341198 -0.02263675 0.05710302 0.12645905 0.08723101 -0.1419778 0.049978532 0.036549155 -0.05512499 0.16449605 0.0036860264 0.1382523 0.14185438 0.010754668 -0.1684357 -0.01009217 -0.012435134 -0.12446532 0.061789352 -0.104249425 -0.015250331 -0.07672632 -0.017908914 0.11185489 0.021762213 -0.12424325 0.062177733 -0.1042345 0.071422435 -0.03071914 0.20951062 0.075351745 0.10291183 -0.019923232
0.07317468 0.045683976 -0.03548496 0.06549612 -0.033461012 -0.05339037 -0.015010879 -0.046780426 0.030008428 0.015665084 0.015274064 -0.025391703 -0.025620025 0.053154305 0.034767475 0.015834931 -0.071130835 -0.046149824 0.034212317 0.060241975 0.040012952 -0.059908025 0.011151716 0.031214861 -0.02752621 0.021534065 0.013108421 0.07269155 0.07141618 -0.029186834 -0.071289785 -0.050559133 0.05178704 -0.06374722 0.08601039 -0.066416234 -0.045179218 -0.066823214 -0.017554782 0.009842884 0.021316502 -0.091105536 0.04659928 -0.05539735 0.033094797 -0.012477605 0.0985958 0.022767745 0.056352336 0.009605694
0.111097984 0.057009295 -0.103844285 0.1500734 -0.07328412 -0.02192268 -0.078007884 -0.05744811 0.009674057 0.003111188 0.012514576 -0.03886931 -0.05913744 0.07489917 0.020754145 0.047899216 -0.1286975 -0.014100922 0.037463997 0.10331968 0.07153373 -0.10090356 0.04565454 0.048758406 -0.049435113 0.13079117 0.0018273627 0.112137266 0.11630534 7.0320115e-05 -0.12745328 -0.019835502 0.008990035 -0.07303408 0.050637074 -0.072070085 -0.002508647 -0.056043033 -0.022448227 0.073356226 0.008895411 -0.094736874 0.048906185 -0.08887402 0.05803727 -0.02867326 0.16292447 0.05681849 0.09518226 -0.00091229886
0.1225118 0.05801463 -0.08058344 0.14597625 -0.08275457 -0.0227317 -0.07756012 -0.059760623 0.008439287 0.020493973 0.026611576 -0.042198673 -0.0717914 0.08718877 0.02205739 0.059067477 -0.13179396 -0.014898233 0.044257525 0.09600247 0.06462544 -0.0861753 0.046772815 0.033196345 -0.0457117 0.12756273 0.009763358 0.10877018 0.09174013 -0.004254648 -0.11816979 -0.012473164 0.0028673282 -0.06965845 0.043778416 -0.05551688 0.0011900159 -0.061093368 -0.02328911 0.081508085 0.0122833215 -0.07451792 0.06367625 -0.08013152 0.054465104 -0.030395122 0.15501784 0.060082886 0.06951542 0.0008141306
0.16150016 0.08079303 -0.12546487 0.18287657 -0.10822959 -0.029536648 -0.08384479 -0.06881843 0.0096863555 0.011577002 0.014505965 -0.067284785 -0.08878782 0.10614052 0.036725342 0.051467486 -0.17334266 -0.022662869 0.057129644 0.12650967 0.08722865 -0.14193587 0.04998008 0.036578033 -0.055076778 0.16443768 0.0037151496 0.13822228 0.14185414 0.010658057 -0.16841729 -0.010146119 -0.012463659 -0.124356374 0.06176303 -0.10423104 -0.015196629 -0.07676368 -0.017960563 0.11175523 0.02163823 -0.12415539 0.062197596 -0.10427961 0.07143549 -0.030771274 0.20943475 0.07539613 0.103004575 -0.019815445
0.16154578 0.08079512 -0.12538469 0.18286692 -0.108252436 -0.029521003 -0.08379453 -0.0687868 0.009702133 0.011616232 0.014463404 -0.06730875 -0.088828884 0.106209196 0.03675351 0.051416922 -0.17341247 -0.02263671 0.05710277 0.12645927 0.08723107 -0.14197807 0.04997874 0.036549415 -0.05512498 0.16449639 0.0036859282 0.13825256 0.14185458 0.010754646 -0.16843571 -0.010092021 -0.012435144 -0.12446526 0.0617892 -0.10424949 -0.01525013 -0.07672598 -0.017908918 0.111854956 0.021762047 -0.12424303 0.062177803 -0.10423461 0.07142251 -0.030719293 0.20951067 0.075351655 0.10291213 -0.019923348
0.10318506 0.058404744 -0.07288781 0.10819911 -0.061280817 -0.042878196 -0.04578555 -0.04951238 0.026029658 0.020026036 0.02275403 -0.03482496 -0.047988396 0.072246075 0.03237882 0.040086947 -0.105945274 -0.03270791 0.03903851 0.08775543 0.06351293 -0.08532782 0.022889473 0.032749083 -0.032985814 0.080556 0.009713064 0.09104387 0.09560873 -0.015934493 -0.100815944 -0.029642 0.021581173 -0.078864224 0.07274865 -0.07832654 -0.03154671 -0.066275954 -0.018188497 0.052352574 0.017810578 -0.0930119 0.04906213 -0.071570665 0.051396042 -0.021597773 0.14416866 0.042157754 0.07384459 0.002749924
0.16031015 0.07939134 -0.12452775 0.17948085 -0.10574579 -0.031366177 -0.083269365 -0.068884864 0.010476399 0.011386787 0.014696576 -0.066378385 -0.08644656 0.10412793 0.03674744 0.052052982 -0.16975449 -0.02380389 0.057087824 0.1254147 0.08634805 -0.13846238 0.04857409 0.037146114 -0.05365713 0.15971385 0.0046006646 0.13645537 0.14031592 0.008167176 -0.16578406 -0.012062737 -0.0111072855 -0.122212455 0.06337408 -0.10303167 -0.015999204 -0.07845614 -0.01867453 0.10691531 0.02058335 -0.122402795 0.06279612 -0.104078546 0.07091971 -0.03145769 0.20733179 0.075346515 0.102500774 -0.017241683
