3 97 1 80 408 108 53 166 88 441 108 53 91 73 389 5 197 9 97 1 80 865 46 167 88 80 405 607 27 78 811 1 232 11 40 539 151 399 569 73 1 205 19 197 85 3 97 1 80 408 108 53 166 88 441 108 53 91 73 97 1 18 165 5 675 679 91 167 88 1 796 97 1 80 58 97 745 14 92 85 149 64 746 542 496 88 129 153 168 166 1 88 31 1 18 167 91 129 91 153 3 211 91 555 167 153 299 5 301 53 85 818 126 632 736 
192 59 282 92 85 1 80 149 149 133 519 36 842 58 59 85 1 92 80 31 46 59 311 46 46 780 73 197 59 111 64 491 149 14 39 63 56 430 46 570 63 256 565 377 16 
4 2 58 256 625 63 329 184 2 847 63 308 814 136 2 475 63 102 841 389 804 288 373 160 14 844 175 571 771 384 39 63 535 348 280 177 863 282 85 288 373 58 3 63 39 16 98 500 196 23 203 39 116 1 381 390 113 731 686 445 509 63 98 203 
327 11 40 273 38 98 117 254 38 404 11 4 14 32 595 11 40 278 98 38 5 263 13 250 287 799 657 822 40 273 
4 3 38 5 117 39 116 690 254 817 213 117 153 212 92 78 337 1 18 390 13 840 254 39 267 117 39 644 1 352 116 23 13 193 99 237 310 2 142 1 291 673 11 40 10 4 77 77 213 397 117 337 1 51 13 
15 257 189 532 15 240 21 189 561 525 60 402 57 109 208 243 821 112 221 138 145 655 112 221 138 145 15 257 189 384 174 730 794 225 50 838 112 158 12 15 77 594 353 465 248 4 109 724 262 248 402 57 109 728 803 276 77 13 311 573 226 
141 78 152 295 361 213 299 168 36 175 211 114 130 222 201 315 557 152 144 19 361 4 125 141 78 152 141 58 225 9 646 15 
199 145 47 152 58 199 9 141 78 13 160 479 717 786 284 598 292 77 326 300 
268 15 4 25 338 330 109 204 25 192 199 41 51 119 41 119 15 62 41 370 276 268 15 4 25 338 330 109 204 25 192 12 15 432 268 15 443 32 25 3 126 367 235 680 239 364 68 87 831 
190 44 33 540 93 24 267 66 24 388 157 386 57 44 829 94 206 21 44 66 231 463 48 240 3 21 231 105 44 33 48 10 137 541 24 58 103 95 35 258 48 483 420 137 32 24 101 48 793 93 24 123 21 130 66 599 66 123 560 93 24 718 137 75 44 759 66 171 95 29 137 171 846 24 231 714 129 503 653 66 414 462 
219 120 175 24 411 388 93 267 31 497 129 21 219 120 263 412 74 331 74 772 5 763 624 120 848 406 426 21 35 251 526 222 412 74 146 51 56 426 331 74 48 258 444 328 263 131 219 120 115 411 44 33 232 131 103 2 27 296 328 132 296 444 158 131 5 352 21 
123 21 725 44 158 186 44 33 214 144 123 21 432 131 44 33 370 232 34 339 100 499 259 76 186 135 208 753 21 761 252 21 756 252 504 582 24 60 4 241 217 186 420 116 252 828 9 217 165 21 44 34 682 212 706 24 123 86 549 336 709 635 24 151 76 584 556 787 259 76 340 834 4 857 76 452 606 383 377 397 784 95 113 356 113 585 46 
3 194 68 246 67 52 302 67 708 293 193 3 52 1 524 62 194 68 246 67 52 13 194 68 100 750 434 550 302 52 220 243 67 
110 27 590 53 347 67 369 258 452 741 238 630 77 437 110 37 201 235 100 290 110 142 52 67 583 602 67 52 443 9 227 185 3 22 89 110 27 13 523 30 53 770 727 393 122 437 484 
3 342 95 169 785 738 53 72 470 95 33 84 49 262 10 200 49 84 4 5 160 200 49 169 84 11 182 20 207 104 89 40 11 5 200 65 864 704 605 581 597 477 683 323 721 74 692 65 782 314 773 314 637 344 713 469 492 711 323 438 209 478 344 3 342 95 169 72 163 4 166 242 155 518 169 343 32 242 32 176 392 825 343 242 182 16 12 403 329 16 221 84 49 140 247 49 
7 8 84 27 434 59 7 8 158 410 779 833 207 143 178 143 67 10 42 38 5 702 182 20 29 7 8 380 84 729 104 89 354 29 410 767 403 122 157 51 10 42 471 182 20 223 22 104 89 40 104 89 223 180 29 7 8 75 29 181 7 8 22 6 360 333 29 7 8 181 22 6 228 57 29 48 114 105 29 7 8 614 214 6 7 8 104 6 223 13 7 8 22 6 29 181 7 8 13 48 
32 29 7 8 191 6 135 7 8 22 6 7 8 75 350 105 22 6 7 8 433 409 22 6 75 369 800 89 40 22 6 165 455 79 237 214 6 10 75 7 8 4 105 22 6 19 433 22 6 19 409 22 6 4 104 6 114 58 589 436 79 237 7 8 455 391 616 695 60 501 438 73 568 757 32 29 7 8 191 6 135 7 8 22 6 7 8 75 350 105 22 6 
3 16 743 798 206 233 253 651 812 240 233 253 866 596 3 16 358 572 538 30 362 837 867 559 375 34 852 666 356 6 253 56 290 406 447 121 57 366 674 530 365 16 86 19 6 447 120 366 417 209 56 417 375 688 661 
320 25 50 2 56 230 102 195 423 76 795 308 529 490 618 858 320 25 50 2 56 230 102 195 113 387 751 129 652 379 810 684 18 527 379 36 233 49 18 111 21 87 68 60 808 368 57 239 41 246 600 74 76 18 111 482 4 118 262 665 27 230 226 56 195 69 25 50 3 739 364 68 18 122 
138 183 71 100 454 23 47 295 140 125 101 634 87 50 125 257 215 56 859 19 1 116 128 140 125 69 3 2 60 442 128 578 293 142 4 1 400 161 528 516 136 183 161 215 400 138 183 71 100 454 23 47 1 4 415 376 321 851 161 31 23 47 13 183 398 
261 173 172 16 164 20 815 27 10 327 69 159 130 121 151 533 235 173 16 164 27 173 172 16 164 69 261 173 172 16 164 20 172 16 34 685 613 23 203 
128 23 47 184 87 25 50 136 128 60 19 547 1 64 508 36 1 23 436 128 827 135 472 819 23 23 47 592 140 445 47 87 50 309 473 601 
87 71 18 544 18 446 335 734 712 283 580 12 698 25 225 69 3 71 27 18 446 335 4 162 451 107 18 802 62 239 41 70 832 283 487 398 687 451 
359 264 47 83 33 14 94 30 14 17 42 319 2 732 93 278 396 92 13 136 250 72 33 184 108 676 112 791 118 188 421 78 806 418 163 862 39 326 64 1 17 36 118 119 464 30 14 17 360 640 671 270 1 83 156 94 17 101 11 17 155 333 27 224 693 36 83 33 14 301 9 191 256 30 14 17 114 83 33 17 10 699 359 355 61 42 319 419 2 1 92 74 264 488 39 457 1 201 33 270 1 83 
35 816 55 5 11 90 51 628 42 32 61 11 10 35 55 5 14 265 90 11 40 66 14 357 277 64 588 75 42 378 353 332 286 40 
349 35 234 55 5 11 90 517 20 275 126 61 485 157 354 35 179 10 234 55 5 265 11 90 146 395 42 357 277 531 20 332 11 5 156 30 14 17 184 395 144 20 60 275 61 349 35 234 55 5 11 90 51 177 30 14 11 17 442 334 179 
522 98 691 55 5 11 90 66 42 179 51 823 748 849 249 250 30 14 17 243 317 94 399 27 32 83 33 61 334 291 48 98 55 5 13 42 668 368 60 458 805 30 179 
3 2 45 81 425 591 365 658 316 76 73 102 672 122 94 20 56 45 81 216 715 678 122 575 376 612 641 425 37 777 37 617 255 9 1 762 23 71 413 146 316 45 81 130 502 703 
3 78 285 202 4 2 37 251 768 415 4 648 2 205 99 107 249 285 23 220 53 4 621 23 220 170 178 99 107 13 636 552 9 71 367 47 2 37 
643 363 456 73 236 564 660 188 421 407 72 247 593 407 669 716 10 355 264 61 236 31 456 202 20 70 12 4 429 170 639 45 99 107 372 45 99 107 156 418 163 12 719 39 160 202 142 103 245 429 170 20 62 126 61 103 170 363 72 835 459 856 163 13 37 9 710 358 760 131 468 707 510 143 318 236 
271 25 506 317 551 346 629 71 229 498 298 622 850 765 480 722 769 298 577 37 620 12 229 789 505 271 25 229 587 31 127 15 215 50 132 2 9 774 303 93 633 778 752 41 146 534 726 79 440 134 271 41 13 134 670 125 416 68 615 180 110 127 2 111 38 143 62 15 303 749 396 244 107 148 244 148 127 313 48 3 41 5 127 15 12 72 313 211 134 68 
3 574 543 64 603 9 19 351 94 9 720 562 32 351 21 10 3 25 362 2 244 148 31 41 5 48 31 207 520 70 416 41 62 12 127 292 
59 15 114 10 42 4 17 474 742 23 826 274 24 642 647 59 15 701 212 224 17 36 512 696 134 11 17 476 460 14 700 514 860 24 274 157 735 626 103 17 14 9 764 788 457 430 385 36 168 35 2 853 36 62 72 385 36 148 563 35 180 255 35 9 29 2 255 35 57 2 180 270 69 105 17 36 58 59 15 9 11 17 126 744 667 775 340 206 383 662 348 839 132 
428 171 304 322 20 790 161 112 754 79 494 247 5 627 404 5 1 279 322 51 638 64 79 347 238 65 783 341 238 156 824 427 266 439 12 306 431 65 422 345 3 260 13 51 297 165 548 79 196 30 9 428 171 467 176 392 10 19 304 310 64 79 99 458 30 111 205 151 266 12 65 305 423 176 553 419 65 604 52 427 176 809 776 341 266 439 12 306 431 65 422 345 130 623 493 65 305 
34 28 12 26 300 139 650 284 196 132 26 174 507 830 631 224 28 694 115 10 82 43 28 12 26 34 28 139 372 737 537 139 386 792 513 178 382 307 70 177 27 401 227 37 69 43 16 147 82 28 216 46 228 57 45 324 190 101 81 49 45 287 405 486 70 102 576 2 3 2 374 453 649 154 521 374 681 154 124 845 448 154 124 448 154 102 453 52 586 162 188 371 181 52 6 807 162 608 6 70 162 325 150 26 185 37 38 174 86 32 241 55 20 115 133 435 38 450 289 218 26 10 106 82 28 269 34 198 210 272 
43 16 147 178 382 307 70 177 27 401 227 37 69 43 16 147 82 28 216 46 228 57 45 324 190 101 81 49 45 245 86 103 836 481 19 45 43 16 19 758 204 26 461 150 175 19 54 18 168 689 28 46 28 286 54 18 209 121 245 86 371 554 208 
187 312 26 12 34 294 260 139 248 854 449 34 309 781 855 147 609 28 261 187 118 26 31 61 797 30 12 697 566 659 318 312 747 558 579 813 740 
119 54 101 394 96 132 193 843 96 279 43 124 155 281 424 31 124 611 9 677 820 96 321 387 81 49 19 96 10 119 2 50 489 121 54 18 9 394 54 96 54 226 43 26 9 391 259 545 31 619 113 378 381 43 19 124 155 281 424 755 121 449 31 567 733 705 380 77 26 656 346 19 273 280 339 297 222 723 187 118 144 251 801 393 336 106 159 133 2 54 96 133 54 18 
218 645 26 10 106 82 28 269 34 198 210 272 515 294 260 2 495 536 217 249 315 654 12 150 440 511 43 861 106 62 766 414 43 546 265 2 145 47 115 106 159 54 466 159 663 100 413 46 664 610 325 150 26 185 37 38 174 86 32 241 55 20 115 133 435 38 450 289 218 26 10 106 82 28 269 34 198 210 272 
